,num_confirmed,num_death,num_recovered,num_confirmed_that_day,num_death_that_day,num_recovered_that_day
1/22/2020,0,0,0,,,
1/23/2020,0,0,0,0.0,0.0,0.0
1/24/2020,0,0,0,0.0,0.0,0.0
1/25/2020,0,0,0,0.0,0.0,0.0
1/26/2020,0,0,0,0.0,0.0,0.0
1/27/2020,1,0,0,1.0,0.0,0.0
1/28/2020,4,0,0,3.0,0.0,0.0
1/29/2020,4,0,0,0.0,0.0,0.0
1/30/2020,4,0,0,0.0,0.0,0.0
1/31/2020,5,0,0,1.0,0.0,0.0
2/1/2020,8,0,0,3.0,0.0,0.0
2/2/2020,10,0,0,2.0,0.0,0.0
2/3/2020,12,0,0,2.0,0.0,0.0
2/4/2020,12,0,0,0.0,0.0,0.0
2/5/2020,12,0,0,0.0,0.0,0.0
2/6/2020,12,0,0,0.0,0.0,0.0
2/7/2020,13,0,0,1.0,0.0,0.0
2/8/2020,13,0,0,0.0,0.0,0.0
2/9/2020,14,0,0,1.0,0.0,0.0
2/10/2020,14,0,0,0.0,0.0,0.0
2/11/2020,16,0,0,2.0,0.0,0.0
2/12/2020,16,0,0,0.0,0.0,0.0
2/13/2020,16,0,1,0.0,0.0,1.0
2/14/2020,16,0,1,0.0,0.0,0.0
2/15/2020,16,0,1,0.0,0.0,0.0
2/16/2020,16,0,1,0.0,0.0,0.0
2/17/2020,16,0,1,0.0,0.0,0.0
2/18/2020,16,0,12,0.0,0.0,11.0
2/19/2020,16,0,12,0.0,0.0,0.0
2/20/2020,16,0,12,0.0,0.0,0.0
2/21/2020,16,0,14,0.0,0.0,2.0
2/22/2020,16,0,14,0.0,0.0,0.0
2/23/2020,16,0,14,0.0,0.0,0.0
2/24/2020,16,0,14,0.0,0.0,0.0
2/25/2020,17,0,14,1.0,0.0,0.0
2/26/2020,27,0,15,10.0,0.0,1.0
2/27/2020,46,0,16,19.0,0.0,1.0
2/28/2020,48,0,16,2.0,0.0,0.0
2/29/2020,79,0,16,31.0,0.0,0.0
3/1/2020,130,0,16,51.0,0.0,0.0
3/2/2020,159,0,16,29.0,0.0,0.0
3/3/2020,196,0,16,37.0,0.0,0.0
3/4/2020,262,0,16,66.0,0.0,0.0
3/5/2020,482,0,16,220.0,0.0,0.0
3/6/2020,670,0,17,188.0,0.0,1.0
3/7/2020,799,0,18,129.0,0.0,1.0
3/8/2020,1040,0,18,241.0,0.0,0.0
3/9/2020,1176,2,18,136.0,2.0,0.0
3/10/2020,1457,2,18,281.0,0.0,0.0
3/11/2020,1908,3,25,451.0,1.0,7.0
3/12/2020,2078,3,25,170.0,0.0,0.0
3/13/2020,3675,7,46,1597.0,4.0,21.0
3/14/2020,4585,9,46,910.0,2.0,0.0
3/15/2020,5795,11,46,1210.0,2.0,0.0
3/16/2020,7272,17,67,1477.0,6.0,21.0
3/17/2020,9257,24,67,1985.0,7.0,0.0
3/18/2020,12327,28,105,3070.0,4.0,38.0
3/19/2020,15320,44,113,2993.0,16.0,8.0
3/20/2020,19848,67,180,4528.0,23.0,67.0
3/21/2020,22213,84,233,2365.0,17.0,53.0
3/22/2020,24873,94,266,2660.0,10.0,33.0
3/23/2020,29056,123,453,4183.0,29.0,187.0
3/24/2020,32986,157,3243,3930.0,34.0,2790.0
3/25/2020,37323,206,3547,4337.0,49.0,304.0
3/26/2020,43938,267,5673,6615.0,61.0,2126.0
3/27/2020,50871,342,6658,6933.0,75.0,985.0
3/28/2020,57695,433,8481,6824.0,91.0,1823.0
3/29/2020,62095,533,9211,4400.0,100.0,730.0
3/30/2020,66885,645,13500,4790.0,112.0,4289.0
3/31/2020,71808,775,16100,4923.0,130.0,2600.0
4/1/2020,77872,920,18700,6064.0,145.0,2600.0
4/2/2020,84794,1107,22440,6922.0,187.0,3740.0
4/3/2020,91159,1275,24575,6365.0,168.0,2135.0
4/4/2020,96092,1444,26400,4933.0,169.0,1825.0
4/5/2020,100123,1584,28700,4031.0,140.0,2300.0
4/6/2020,103374,1810,28700,3251.0,226.0,0.0
4/7/2020,107663,2016,36081,4289.0,206.0,7381.0
4/8/2020,113296,2349,46300,5633.0,333.0,10219.0
4/9/2020,118181,2607,52407,4885.0,258.0,6107.0
4/10/2020,122171,2767,53913,3990.0,160.0,1506.0
4/11/2020,124908,2736,57400,2737.0,-31.0,3487.0
4/12/2020,127854,3022,60300,2946.0,286.0,2900.0
4/13/2020,130072,3194,64300,2218.0,172.0,4000.0
4/14/2020,131359,3294,68200,1287.0,100.0,3900.0
4/15/2020,134753,3804,72600,3394.0,510.0,4400.0
4/16/2020,137698,4052,77000,2945.0,248.0,4400.0
4/17/2020,141397,4352,83114,3699.0,300.0,6114.0
4/18/2020,143342,4459,85400,1945.0,107.0,2286.0
4/19/2020,145184,4586,88000,1842.0,127.0,2600.0
4/20/2020,147065,4862,91500,1881.0,276.0,3500.0
4/21/2020,148291,5033,95200,1226.0,171.0,3700.0
4/22/2020,150648,5279,99400,2357.0,246.0,4200.0
4/23/2020,153129,5575,103300,2481.0,296.0,3900.0
4/24/2020,154999,5760,109800,1870.0,185.0,6500.0
4/25/2020,156513,5877,109800,1514.0,117.0,0.0
4/26/2020,157770,5976,112000,1257.0,99.0,2200.0
4/27/2020,158758,6126,114500,988.0,150.0,2500.0
4/28/2020,159912,6314,117400,1154.0,188.0,2900.0
4/29/2020,161539,6467,120400,1627.0,153.0,3000.0
4/30/2020,163009,6623,123500,1470.0,156.0,3100.0
5/1/2020,164077,6736,126900,1068.0,113.0,3400.0
5/2/2020,164967,6812,129000,890.0,76.0,2100.0
5/3/2020,165664,6866,130600,697.0,54.0,1600.0
5/4/2020,166152,6993,132700,488.0,127.0,2100.0
5/5/2020,167007,6993,135100,855.0,0.0,2400.0
5/6/2020,168162,7275,139900,1155.0,282.0,4800.0
5/7/2020,169430,7392,141700,1268.0,117.0,1800.0
5/8/2020,170588,7510,141700,1158.0,118.0,0.0
