,num_confirmed,num_death,num_recovered,num_confirmed_that_day,num_death_that_day,num_recovered_that_day
1/22/2020,0,0,0,,,
1/23/2020,0,0,0,0.0,0.0,0.0
1/24/2020,0,0,0,0.0,0.0,0.0
1/25/2020,0,0,0,0.0,0.0,0.0
1/26/2020,0,0,0,0.0,0.0,0.0
1/27/2020,0,0,0,0.0,0.0,0.0
1/28/2020,0,0,0,0.0,0.0,0.0
1/29/2020,0,0,0,0.0,0.0,0.0
1/30/2020,0,0,0,0.0,0.0,0.0
1/31/2020,0,0,0,0.0,0.0,0.0
2/1/2020,0,0,0,0.0,0.0,0.0
2/2/2020,0,0,0,0.0,0.0,0.0
2/3/2020,0,0,0,0.0,0.0,0.0
2/4/2020,0,0,0,0.0,0.0,0.0
2/5/2020,0,0,0,0.0,0.0,0.0
2/6/2020,0,0,0,0.0,0.0,0.0
2/7/2020,0,0,0,0.0,0.0,0.0
2/8/2020,0,0,0,0.0,0.0,0.0
2/9/2020,0,0,0,0.0,0.0,0.0
2/10/2020,0,0,0,0.0,0.0,0.0
2/11/2020,0,0,0,0.0,0.0,0.0
2/12/2020,0,0,0,0.0,0.0,0.0
2/13/2020,0,0,0,0.0,0.0,0.0
2/14/2020,0,0,0,0.0,0.0,0.0
2/15/2020,0,0,0,0.0,0.0,0.0
2/16/2020,0,0,0,0.0,0.0,0.0
2/17/2020,0,0,0,0.0,0.0,0.0
2/18/2020,0,0,0,0.0,0.0,0.0
2/19/2020,0,0,0,0.0,0.0,0.0
2/20/2020,0,0,0,0.0,0.0,0.0
2/21/2020,0,0,0,0.0,0.0,0.0
2/22/2020,0,0,0,0.0,0.0,0.0
2/23/2020,0,0,0,0.0,0.0,0.0
2/24/2020,0,0,0,0.0,0.0,0.0
2/25/2020,0,0,0,0.0,0.0,0.0
2/26/2020,0,0,0,0.0,0.0,0.0
2/27/2020,0,0,0,0.0,0.0,0.0
2/28/2020,0,0,0,0.0,0.0,0.0
2/29/2020,0,0,0,0.0,0.0,0.0
3/1/2020,0,0,0,0.0,0.0,0.0
3/2/2020,0,0,0,0.0,0.0,0.0
3/3/2020,0,0,0,0.0,0.0,0.0
3/4/2020,0,0,0,0.0,0.0,0.0
3/5/2020,0,0,0,0.0,0.0,0.0
3/6/2020,0,0,0,0.0,0.0,0.0
3/7/2020,0,0,0,0.0,0.0,0.0
3/8/2020,0,0,0,0.0,0.0,0.0
3/9/2020,0,0,0,0.0,0.0,0.0
3/10/2020,0,0,0,0.0,0.0,0.0
3/11/2020,1,0,0,1.0,0.0,0.0
3/12/2020,1,0,0,0.0,0.0,0.0
3/13/2020,5,0,0,4.0,0.0,0.0
3/14/2020,5,0,0,0.0,0.0,0.0
3/15/2020,6,0,0,1.0,0.0,0.0
3/16/2020,18,0,0,12.0,0.0,0.0
3/17/2020,47,1,0,29.0,1.0,0.0
3/18/2020,98,1,0,51.0,0.0,0.0
3/19/2020,192,3,0,94.0,2.0,0.0
3/20/2020,359,4,0,167.0,1.0,0.0
3/21/2020,670,9,0,311.0,5.0,0.0
3/22/2020,1236,30,0,566.0,21.0,0.0
3/23/2020,1529,37,0,293.0,7.0,0.0
3/24/2020,1872,44,0,343.0,7.0,0.0
3/25/2020,2433,59,26,561.0,15.0,26.0
3/26/2020,3629,75,26,1196.0,16.0,0.0
3/27/2020,5698,92,42,2069.0,17.0,16.0
3/28/2020,7402,108,70,1704.0,16.0,28.0
3/29/2020,9217,131,105,1815.0,23.0,35.0
3/30/2020,10827,168,162,1610.0,37.0,57.0
3/31/2020,13531,214,243,2704.0,46.0,81.0
4/1/2020,15679,277,333,2148.0,63.0,90.0
4/2/2020,18135,356,415,2456.0,79.0,82.0
4/3/2020,20921,425,484,2786.0,69.0,69.0
4/4/2020,23934,501,786,3013.0,76.0,302.0
4/5/2020,27069,574,1042,3135.0,73.0,256.0
4/6/2020,30217,649,1326,3148.0,75.0,284.0
4/7/2020,34109,725,1582,3892.0,76.0,256.0
4/8/2020,38226,812,1846,4117.0,87.0,264.0
4/9/2020,42282,908,2142,4056.0,96.0,296.0
4/10/2020,47029,1006,2423,4747.0,98.0,281.0
4/11/2020,52167,1101,2965,5138.0,95.0,542.0
4/12/2020,56956,1198,3446,4789.0,97.0,481.0
4/13/2020,61049,1296,3957,4093.0,98.0,511.0
4/14/2020,65111,1403,4799,4062.0,107.0,842.0
4/15/2020,69392,1518,5674,4281.0,115.0,875.0
4/16/2020,74193,1643,7089,4801.0,125.0,1415.0
4/17/2020,78546,1769,8631,4353.0,126.0,1542.0
4/18/2020,82329,1890,10453,3783.0,121.0,1822.0
4/19/2020,86306,2017,11976,3977.0,127.0,1523.0
4/20/2020,90980,2140,13430,4674.0,123.0,1454.0
4/21/2020,95591,2259,14918,4611.0,119.0,1488.0
4/22/2020,98674,2376,16477,3083.0,117.0,1559.0
4/23/2020,101790,2491,18491,3116.0,115.0,2014.0
4/24/2020,104912,2600,21737,3122.0,109.0,3246.0
4/25/2020,107773,2706,25582,2861.0,106.0,3845.0
4/26/2020,110130,2805,29140,2357.0,99.0,3558.0
4/27/2020,112261,2900,33791,2131.0,95.0,4651.0
4/28/2020,114653,2992,38809,2392.0,92.0,5018.0
4/29/2020,117589,3081,44040,2936.0,89.0,5231.0
4/30/2020,120204,3174,48886,2615.0,93.0,4846.0
5/1/2020,122392,3258,53808,2188.0,84.0,4922.0
5/2/2020,124375,3336,58259,1983.0,78.0,4451.0
5/3/2020,126045,3397,63151,1670.0,61.0,4892.0
5/4/2020,127659,3461,68166,1614.0,64.0,5015.0
5/5/2020,129491,3520,73285,1832.0,59.0,5119.0
5/6/2020,131744,3584,78202,2253.0,64.0,4917.0
5/7/2020,133721,3641,82984,1977.0,57.0,4782.0
5/8/2020,135569,3689,86396,1848.0,48.0,3412.0
5/9/2020,137115,3739,89480,1546.0,50.0,3084.0
5/10/2020,138657,3786,92691,1542.0,47.0,3211.0
5/11/2020,139771,3841,95780,1114.0,55.0,3089.0
5/12/2020,141475,3894,98889,1704.0,53.0,3109.0
5/13/2020,143114,3952,101715,1639.0,58.0,2826.0
5/14/2020,144749,4007,104030,1635.0,55.0,2315.0
5/15/2020,146457,4055,106133,1708.0,48.0,2103.0
5/16/2020,148067,4096,108137,1610.0,41.0,2004.0
5/17/2020,149435,4140,109962,1368.0,44.0,1825.0
5/18/2020,150593,4171,111577,1158.0,31.0,1615.0
5/19/2020,151615,4199,112895,1022.0,28.0,1318.0
5/20/2020,152587,4222,113987,972.0,23.0,1092.0
5/21/2020,153548,4249,114990,961.0,27.0,1003.0
5/22/2020,154500,4276,116111,952.0,27.0,1121.0
5/23/2020,155686,4308,117602,1186.0,32.0,1491.0
5/24/2020,156827,4340,118694,1141.0,32.0,1092.0
5/25/2020,157814,4369,120015,987.0,29.0,1321.0
5/26/2020,158762,4397,121507,948.0,28.0,1492.0
5/27/2020,159797,4431,122793,1035.0,34.0,1286.0
5/28/2020,160979,4461,124369,1182.0,30.0,1576.0
